KMeans:
Purity: 0.2152180834129258
NMI: 0.14138252573244114
